$ ../dev/w/check1_wofz.py 3.5 0.23
z:       3.500000000000000e+00  2.300000000000000e-01
mpmath:  1.220687756724767e-02  1.678711218101659e-01
cerf:    1.220687756724762e-02  1.678711218101658e-01 algo 900 nterms 17 rdiff 3.76e-15 5.73e-16 6.33e-16
