$ ../dev/w/check1_wofz.py 0.3 2e-9
z:       3.000000000000000e-01  2.000000000000000e-09
mpmath:  9.139311833971687e-01  3.189156816748485e-01
cerf:    9.139311833971687e-01  3.189156827715658e-01 algo 360 nterms 13 rdiff 4.67e-17 3.44e-09 1.13e-09
