$ ../dev/w/check1_wofz.py  3.99 .5
z:       3.990000000000000e+00  5.000000000000000e-01
mpmath:  1.933083235907264e-02  1.436259824303652e-01
cerf:    1.933083235907269e-02  1.436259824303651e-01 algo 900 nterms 70 rdiff 2.71e-15 6.92e-16 7.75e-16

worst rel abs of 1.2533e-15 at    2.9999999999999702    0.2500000000000025 subdomain 60
